   1.00000000       0.00000000    
   2.00000000       7.38905621    
   3.00000000       40.1710739    
   4.00000000       163.794449    
   5.00000000       593.652649    
   6.00000000       2017.14404    
   7.00000000       6579.79883    
   8.00000000       20866.7070    
   9.00000000       64824.6719    
   10.0000000       198238.188    
   11.0000000       598741.375    
   12.0000000       1790302.75    
   13.0000000       5308961.00    
   14.0000000       15633855.0    
   15.0000000       45766240.0    
   16.0000000       133291664.    
   17.0000000       386479232.    
   18.0000000       1.11621939E+09
   19.0000000       3.21268147E+09
   20.0000000       9.21813811E+09
