   1.00000000       0.00000000    
   2.00000000       7.38905621    
   3.00000000       40.1710739    
   4.00000000       163.794449    
   5.00000000       593.652649    
   6.00000000       2017.14404    
   7.00000000       6579.79883    
   8.00000000       20866.7070    
   9.00000000       64824.6719    
   10.0000000       198238.188    
   11.0000000       598741.375    
   12.0000000       1790302.75    
   13.0000000       5308961.00    
   14.0000000       15633855.0    
   15.0000000       45766240.0    
   16.0000000       133291664.    
   17.0000000       386479232.    
   18.0000000       1.11621939E+09
   19.0000000       3.21268147E+09
   20.0000000       9.21813811E+09
   21.0000000       2.63763149E+10
   22.0000000       7.52831693E+10
   23.0000000       2.14385689E+11
   24.0000000       6.09249853E+11
   25.0000000       1.72811774E+12
   26.0000000       4.89324020E+12
   27.0000000       1.38332550E+13
   28.0000000       3.90489409E+13
   29.0000000       1.10077361E+14
   30.0000000       3.09907761E+14
   31.0000000       8.71465507E+14
   32.0000000       2.44785165E+15
   33.0000000       6.86859438E+15
   34.0000000       1.92542375E+16
   35.0000000       5.39244569E+16
   36.0000000       1.50893110E+17
   37.0000000       4.21889140E+17
   38.0000000       1.17866946E+18
   39.0000000       3.29054941E+18
   40.0000000       9.18002544E+18
   41.0000000       2.55937390E+19
   42.0000000       7.13102736E+19
   43.0000000       1.98569267E+20
   44.0000000       5.52618801E+20
   45.0000000       1.53710797E+21
   46.0000000       4.27325374E+21
   47.0000000       1.18740388E+22
   48.0000000       3.29786576E+22
   49.0000000       9.15526410E+22
   50.0000000       2.54050559E+23
   51.0000000       7.04674487E+23
   52.0000000       1.95381414E+24
   53.0000000       5.41515471E+24
   54.0000000       1.50029918E+25
   55.0000000       4.15518398E+25
   56.0000000       1.15041266E+26
   57.0000000       3.18400321E+26
   58.0000000       8.80957172E+26
   59.0000000       2.43670200E+27
   60.0000000       6.73784357E+27
   61.0000000       1.86257867E+28
   62.0000000       5.14739788E+28
   63.0000000       1.42214558E+29
   64.0000000       3.92814378E+29
   65.0000000       1.08472909E+30
   66.0000000       2.99467125E+30
   67.0000000       8.26559689E+30
   68.0000000       2.28086511E+31
   69.0000000       6.29257156E+31
   70.0000000       1.73565267E+32
   71.0000000       4.78636982E+32
   72.0000000       1.31965693E+33
   73.0000000       3.63772332E+33
   74.0000000       1.00256957E+34
   75.0000000       2.76259888E+34
   76.0000000       7.61100292E+34
   77.0000000       2.09647027E+35
   78.0000000       5.77378126E+35
   79.0000000       1.58985918E+36
   80.0000000       4.37709167E+36
   81.0000000       1.20487794E+37
   82.0000000       3.31613746E+37
   83.0000000       9.12548303E+37
   84.0000000       2.51081425E+38
   85.0000000             Infinity
   86.0000000             Infinity
   87.0000000             Infinity
   88.0000000             Infinity
   89.0000000             Infinity
   90.0000000             Infinity
   91.0000000             Infinity
   92.0000000             Infinity
   93.0000000             Infinity
   94.0000000             Infinity
   95.0000000             Infinity
   96.0000000             Infinity
   97.0000000             Infinity
   98.0000000             Infinity
   99.0000000             Infinity
   100.000000             Infinity
