 ----------------------------------------------------------------
 BOLA EN LA URNA     Nº BOLAS CADA URNA        CASO FAVORABLE
  b1 b2 b3 b4 b5               U1 U2 U3
 ----------------------------------------------------------------
   1  1  1  1  1                5  0  0
   1  1  1  1  2                4  1  0
   1  1  1  1  3                4  0  1
   1  1  1  2  1                4  1  0
   1  1  1  2  2                3  2  0
   1  1  1  2  3                3  1  1
   1  1  1  3  1                4  0  1
   1  1  1  3  2                3  1  1
   1  1  1  3  3                3  0  2
   1  1  2  1  1                4  1  0
   1  1  2  1  2                3  2  0
   1  1  2  1  3                3  1  1
   1  1  2  2  1                3  2  0
   1  1  2  2  2                2  3  0
   1  1  2  2  3                2  2  1           Sí nº   1
   1  1  2  3  1                3  1  1
   1  1  2  3  2                2  2  1           Sí nº   2
   1  1  2  3  3                2  1  2           Sí nº   3
   1  1  3  1  1                4  0  1
   1  1  3  1  2                3  1  1
   1  1  3  1  3                3  0  2
   1  1  3  2  1                3  1  1
   1  1  3  2  2                2  2  1           Sí nº   4
   1  1  3  2  3                2  1  2           Sí nº   5
   1  1  3  3  1                3  0  2
   1  1  3  3  2                2  1  2           Sí nº   6
   1  1  3  3  3                2  0  3
   1  2  1  1  1                4  1  0
   1  2  1  1  2                3  2  0
   1  2  1  1  3                3  1  1
   1  2  1  2  1                3  2  0
   1  2  1  2  2                2  3  0
   1  2  1  2  3                2  2  1           Sí nº   7
   1  2  1  3  1                3  1  1
   1  2  1  3  2                2  2  1           Sí nº   8
   1  2  1  3  3                2  1  2           Sí nº   9
   1  2  2  1  1                3  2  0
   1  2  2  1  2                2  3  0
   1  2  2  1  3                2  2  1           Sí nº  10
   1  2  2  2  1                2  3  0
   1  2  2  2  2                1  4  0
   1  2  2  2  3                1  3  1
   1  2  2  3  1                2  2  1           Sí nº  11
   1  2  2  3  2                1  3  1
   1  2  2  3  3                1  2  2           Sí nº  12
   1  2  3  1  1                3  1  1
   1  2  3  1  2                2  2  1           Sí nº  13
   1  2  3  1  3                2  1  2           Sí nº  14
   1  2  3  2  1                2  2  1           Sí nº  15
   1  2  3  2  2                1  3  1
   1  2  3  2  3                1  2  2           Sí nº  16
   1  2  3  3  1                2  1  2           Sí nº  17
   1  2  3  3  2                1  2  2           Sí nº  18
   1  2  3  3  3                1  1  3
   1  3  1  1  1                4  0  1
   1  3  1  1  2                3  1  1
   1  3  1  1  3                3  0  2
   1  3  1  2  1                3  1  1
   1  3  1  2  2                2  2  1           Sí nº  19
   1  3  1  2  3                2  1  2           Sí nº  20
   1  3  1  3  1                3  0  2
   1  3  1  3  2                2  1  2           Sí nº  21
   1  3  1  3  3                2  0  3
   1  3  2  1  1                3  1  1
   1  3  2  1  2                2  2  1           Sí nº  22
   1  3  2  1  3                2  1  2           Sí nº  23
   1  3  2  2  1                2  2  1           Sí nº  24
   1  3  2  2  2                1  3  1
   1  3  2  2  3                1  2  2           Sí nº  25
   1  3  2  3  1                2  1  2           Sí nº  26
   1  3  2  3  2                1  2  2           Sí nº  27
   1  3  2  3  3                1  1  3
   1  3  3  1  1                3  0  2
   1  3  3  1  2                2  1  2           Sí nº  28
   1  3  3  1  3                2  0  3
   1  3  3  2  1                2  1  2           Sí nº  29
   1  3  3  2  2                1  2  2           Sí nº  30
   1  3  3  2  3                1  1  3
   1  3  3  3  1                2  0  3
   1  3  3  3  2                1  1  3
   1  3  3  3  3                1  0  4
   2  1  1  1  1                4  1  0
   2  1  1  1  2                3  2  0
   2  1  1  1  3                3  1  1
   2  1  1  2  1                3  2  0
   2  1  1  2  2                2  3  0
   2  1  1  2  3                2  2  1           Sí nº  31
   2  1  1  3  1                3  1  1
   2  1  1  3  2                2  2  1           Sí nº  32
   2  1  1  3  3                2  1  2           Sí nº  33
   2  1  2  1  1                3  2  0
   2  1  2  1  2                2  3  0
   2  1  2  1  3                2  2  1           Sí nº  34
   2  1  2  2  1                2  3  0
   2  1  2  2  2                1  4  0
   2  1  2  2  3                1  3  1
   2  1  2  3  1                2  2  1           Sí nº  35
   2  1  2  3  2                1  3  1
   2  1  2  3  3                1  2  2           Sí nº  36
   2  1  3  1  1                3  1  1
   2  1  3  1  2                2  2  1           Sí nº  37
   2  1  3  1  3                2  1  2           Sí nº  38
   2  1  3  2  1                2  2  1           Sí nº  39
   2  1  3  2  2                1  3  1
   2  1  3  2  3                1  2  2           Sí nº  40
   2  1  3  3  1                2  1  2           Sí nº  41
   2  1  3  3  2                1  2  2           Sí nº  42
   2  1  3  3  3                1  1  3
   2  2  1  1  1                3  2  0
   2  2  1  1  2                2  3  0
   2  2  1  1  3                2  2  1           Sí nº  43
   2  2  1  2  1                2  3  0
   2  2  1  2  2                1  4  0
   2  2  1  2  3                1  3  1
   2  2  1  3  1                2  2  1           Sí nº  44
   2  2  1  3  2                1  3  1
   2  2  1  3  3                1  2  2           Sí nº  45
   2  2  2  1  1                2  3  0
   2  2  2  1  2                1  4  0
   2  2  2  1  3                1  3  1
   2  2  2  2  1                1  4  0
   2  2  2  2  2                0  5  0
   2  2  2  2  3                0  4  1
   2  2  2  3  1                1  3  1
   2  2  2  3  2                0  4  1
   2  2  2  3  3                0  3  2
   2  2  3  1  1                2  2  1           Sí nº  46
   2  2  3  1  2                1  3  1
   2  2  3  1  3                1  2  2           Sí nº  47
   2  2  3  2  1                1  3  1
   2  2  3  2  2                0  4  1
   2  2  3  2  3                0  3  2
   2  2  3  3  1                1  2  2           Sí nº  48
   2  2  3  3  2                0  3  2
   2  2  3  3  3                0  2  3
   2  3  1  1  1                3  1  1
   2  3  1  1  2                2  2  1           Sí nº  49
   2  3  1  1  3                2  1  2           Sí nº  50
   2  3  1  2  1                2  2  1           Sí nº  51
   2  3  1  2  2                1  3  1
   2  3  1  2  3                1  2  2           Sí nº  52
   2  3  1  3  1                2  1  2           Sí nº  53
   2  3  1  3  2                1  2  2           Sí nº  54
   2  3  1  3  3                1  1  3
   2  3  2  1  1                2  2  1           Sí nº  55
   2  3  2  1  2                1  3  1
   2  3  2  1  3                1  2  2           Sí nº  56
   2  3  2  2  1                1  3  1
   2  3  2  2  2                0  4  1
   2  3  2  2  3                0  3  2
   2  3  2  3  1                1  2  2           Sí nº  57
   2  3  2  3  2                0  3  2
   2  3  2  3  3                0  2  3
   2  3  3  1  1                2  1  2           Sí nº  58
   2  3  3  1  2                1  2  2           Sí nº  59
   2  3  3  1  3                1  1  3
   2  3  3  2  1                1  2  2           Sí nº  60
   2  3  3  2  2                0  3  2
   2  3  3  2  3                0  2  3
   2  3  3  3  1                1  1  3
   2  3  3  3  2                0  2  3
   2  3  3  3  3                0  1  4
   3  1  1  1  1                4  0  1
   3  1  1  1  2                3  1  1
   3  1  1  1  3                3  0  2
   3  1  1  2  1                3  1  1
   3  1  1  2  2                2  2  1           Sí nº  61
   3  1  1  2  3                2  1  2           Sí nº  62
   3  1  1  3  1                3  0  2
   3  1  1  3  2                2  1  2           Sí nº  63
   3  1  1  3  3                2  0  3
   3  1  2  1  1                3  1  1
   3  1  2  1  2                2  2  1           Sí nº  64
   3  1  2  1  3                2  1  2           Sí nº  65
   3  1  2  2  1                2  2  1           Sí nº  66
   3  1  2  2  2                1  3  1
   3  1  2  2  3                1  2  2           Sí nº  67
   3  1  2  3  1                2  1  2           Sí nº  68
   3  1  2  3  2                1  2  2           Sí nº  69
   3  1  2  3  3                1  1  3
   3  1  3  1  1                3  0  2
   3  1  3  1  2                2  1  2           Sí nº  70
   3  1  3  1  3                2  0  3
   3  1  3  2  1                2  1  2           Sí nº  71
   3  1  3  2  2                1  2  2           Sí nº  72
   3  1  3  2  3                1  1  3
   3  1  3  3  1                2  0  3
   3  1  3  3  2                1  1  3
   3  1  3  3  3                1  0  4
   3  2  1  1  1                3  1  1
   3  2  1  1  2                2  2  1           Sí nº  73
   3  2  1  1  3                2  1  2           Sí nº  74
   3  2  1  2  1                2  2  1           Sí nº  75
   3  2  1  2  2                1  3  1
   3  2  1  2  3                1  2  2           Sí nº  76
   3  2  1  3  1                2  1  2           Sí nº  77
   3  2  1  3  2                1  2  2           Sí nº  78
   3  2  1  3  3                1  1  3
   3  2  2  1  1                2  2  1           Sí nº  79
   3  2  2  1  2                1  3  1
   3  2  2  1  3                1  2  2           Sí nº  80
   3  2  2  2  1                1  3  1
   3  2  2  2  2                0  4  1
   3  2  2  2  3                0  3  2
   3  2  2  3  1                1  2  2           Sí nº  81
   3  2  2  3  2                0  3  2
   3  2  2  3  3                0  2  3
   3  2  3  1  1                2  1  2           Sí nº  82
   3  2  3  1  2                1  2  2           Sí nº  83
   3  2  3  1  3                1  1  3
   3  2  3  2  1                1  2  2           Sí nº  84
   3  2  3  2  2                0  3  2
   3  2  3  2  3                0  2  3
   3  2  3  3  1                1  1  3
   3  2  3  3  2                0  2  3
   3  2  3  3  3                0  1  4
   3  3  1  1  1                3  0  2
   3  3  1  1  2                2  1  2           Sí nº  85
   3  3  1  1  3                2  0  3
   3  3  1  2  1                2  1  2           Sí nº  86
   3  3  1  2  2                1  2  2           Sí nº  87
   3  3  1  2  3                1  1  3
   3  3  1  3  1                2  0  3
   3  3  1  3  2                1  1  3
   3  3  1  3  3                1  0  4
   3  3  2  1  1                2  1  2           Sí nº  88
   3  3  2  1  2                1  2  2           Sí nº  89
   3  3  2  1  3                1  1  3
   3  3  2  2  1                1  2  2           Sí nº  90
   3  3  2  2  2                0  3  2
   3  3  2  2  3                0  2  3
   3  3  2  3  1                1  1  3
   3  3  2  3  2                0  2  3
   3  3  2  3  3                0  1  4
   3  3  3  1  1                2  0  3
   3  3  3  1  2                1  1  3
   3  3  3  1  3                1  0  4
   3  3  3  2  1                1  1  3
   3  3  3  2  2                0  2  3
   3  3  3  2  3                0  1  4
   3  3  3  3  1                1  0  4
   3  3  3  3  2                0  1  4
   3  3  3  3  3                0  0  5
 ----------------------------------------------------------------
 Casos favorables:           90
 Casos posibles:            243
 Probabilidad:           0.3704
